nat	lev	percV	sd_V	sd_C	VarcoV	VarcoC	nPVI-V	rPVI-C
usa	ne	0.28	0.04	0.06	66.67	51.88	59.91	0.05
usa	ne	0.19	0.02	0.05	45.07	43.11	32.03	0.06
usa	ne	0.68	0.48	0.06	154.59	59.42	71.67	0.08
usa	ne	0.65	0.44	0.11	148.55	80.21	79.96	0.13
usa	ne	0.7	0.48	0.04	151.32	40.98	66.02	0.04
usa	ne	0.17	0.01	0.03	14.29	22.59	28.57	0.04
usa	ne	0.64	0.35	0.04	192.11	44.66	44.74	0.07
usa	ne	0.29	0.03	0.07	39.22	50.02	67.84	0.12
usa	ne	0.55	0.31	0.05	172.54	51.1	57.75	0.07
usa	ne	0.51	0.26	0.04	192.54	39.71	44.31	0.05
usa	ne	0.45	0.08	0.06	81.64	69.56	86.72	0.06
usa	ne	0.37	0.06	0.1	64.21	58.86	55.14	0.09
usa	ne	0.56	0.25	0.05	192.28	51.4	52.88	0.06
usa	ne	0.27	0.05	0.05	79.37	54.26	53.25	0.07
usa	ne	0.19	0.02	0.21	41.38	103.43	45.24	0.15
usa	ne	0.55	0.24	0.04	148.74	31.12	90.76	0.05
usa	ne	0.31	0.04	0.05	52.4	50.65	79.19	0.03
usa	ne	0.45	0.17	0.03	173.13	39.08	48.75	0.04
usa	ne	0.23	0.03	0.13	52.13	105.75	50.57	0.1
usa	ne	0.2	0.04	0.16	68.23	100.68	76.36	0.14
usa	ne	0.27	0.04	0.13	58.38	107.69	51.21	0.1
usa	ne	0.39	0.13	0.07	174.58	77.66	52.48	0.06
usa	ne	0.51	0.19	0.06	152.57	63.01	81.23	0.05
usa	ne	0.29	0.03	0.05	59.06	41.53	63.51	0.04
usa	ne	0.27	0.06	0.06	79.82	54.54	72.29	0.06
usa	ne	0.25	0.04	0.09	63.69	67.15	47.5	0.1
usa	ne	0.53	0.2	0.05	149.51	47.04	54.7	0.05
usa	ne	0.26	0.03	0.07	46.13	65.1	45.91	0.06
usa	ne	0.34	0.06	0.06	71.09	55.69	56.71	0.05
usa	ne	0.65	0.23	0.04	130.89	40.22	86.13	0.06
usa	ne	0.61	0.31	0.05	175.16	48.04	59.73	0.04
usa	ne	0.24	0.03	0.08	53.74	62.9	74.24	0.06
usa	ne	0.6	0.29	0.05	159.39	46.81	78.12	0.04
usa	ne	0.39	0.07	0.02	75.85	14.8	45.96	0.02
usa	ne	0.37	0.05	0.06	74.99	58.87	67.25	0.05
usa	ne	0.27	0.03	0.07	48.8	46.9	37.79	0.07
usa	ne	0.37	0.07	0.05	95.28	55.91	68.46	0.06
usa	ne	0.25	0.03	0.05	56.14	43.48	57.14	0.03
usa	ne	0.27	0.05	0.12	77.05	81.93	68.76	0.12
usa	ne	0.2	0.02	0.13	49.6	102	31.79	0.09
usa	ne	0.35	0.08	0.06	95.48	51.08	70.66	0.05
usa	ne	0.27	0.03	0.1	50.05	88.09	56.6	0.1
usa	ne	0.24	0.04	0.12	65.95	96.45	42.72	0.1
usa	ne	0.28	0.1	0.14	165.66	119.61	40.82	0.09
usa	ne	0.31	0.1	0.16	115.35	136.85	71.89	0.13
usa	ne	0.27	0.04	0.13	71.45	113.46	63.4	0.09
usa	ne	0.39	0.08	0.07	95.32	56.27	73.04	0.09
usa	ne	0.32	0.14	0.22	126.13	138.16	92.16	0.18
usa	ne	0.43	0.22	0.14	186.85	104.91	65.82	0.11
usa	ne	0.31	0.06	0.13	82.24	104.15	74.95	0.1
usa	ne	0.31	0.07	0.1	95.79	85.62	63.11	0.08
usa	ne	0.34	0.08	0.09	123.36	76.7	70.58	0.08
usa	ne	0.4	0.2	0.24	158.46	160.93	97.84	0.15
usa	ne	0.36	0.07	0.11	84.95	102.39	61.71	0.09
usa	ne	0.28	0.08	0.1	88.13	76.29	76.33	0.08
usa	ne	0.21	0.06	0.17	100.8	107.92	47.38	0.14
usa	ne	0.5	0.17	0.05	124.81	48.33	76.98	0.06
usa	ne	0.24	0.04	0.19	62.61	126.39	72.3	0.14
usa	ne	0.48	0.13	0.07	104.59	73.33	82.4	0.06
usa	ne	0.2	0.02	0.11	46.74	80.79	46.03	0.11
usa	ne	0.59	0.36	0.07	209.97	77.89	70.71	0.07
usa	ne	0.3	0.02	0.1	19.64	74.39	43.81	0.06
usa	ne	0.26	0.05	0.09	50	58.32	67.62	0.09
usa	ne	0.26	0.06	0.09	74.38	60.52	106.03	0.07
usa	ne	0.28	0.03	0.08	46.57	61.71	69.63	0.05
usa	ne	0.27	0.03	0.08	48.89	64.09	64.76	0.06
usa	ne	0.48	0.26	0.05	191.25	46.48	63.57	0.07
usa	ne	0.43	0.19	0.05	174.83	48.37	64.07	0.07
usa	ne	0.51	0.35	0.06	212.18	51.94	65.76	0.08
usa	ne	0.41	0.16	0.05	148.93	46.33	61.09	0.06
usa	ne	0.32	0.03	0.12	22.65	70.21	35.02	0.14
usa	ne	0.36	0.06	0.09	45.18	58.53	53.12	0.1
usa	ne	0.34	0.09	0.06	83.02	48.1	99.62	0.07
usa	ne	0.28	0.04	0.09	56.94	72.57	100	0.08
usa	ne	0.34	0.06	0.05	88.01	59.7	80.06	0.05
usa	ne	0.24	0.03	0.04	59.09	25.87	54.51	0.05
usa	ne	0.2	0.02	0.1	48.4	60.07	40	0.08
usa	ne	0.31	0.04	0.04	66.32	34.78	69.52	0.05
usa	ne	0.57	0.3	0.04	215.54	36.29	68.05	0.03
usa	ne	0.52	0.23	0.04	204.47	41.84	42.24	0.04
usa	ne	0.26	0.02	0.03	40.57	32.47	30.43	0.03
usa	ne	0.26	0.01	0.03	29.63	28.04	22.01	0.03
usa	ne	0.3	0.03	0.05	50.45	57.85	45.81	0.07
usa	ne	0.28	0.02	0.05	48.45	64.25	23.33	0.05
usa	ne	0.15	0.03	0.27	57.7	159.57	41.99	0.17
usa	ne	0.22	0.08	0.12	138.15	85.08	54.48	0.09
usa	ne	0.27	0.1	0.14	148.11	113.29	60.24	0.09
usa	ne	0.21	0.08	0.2	120.11	112.12	61.76	0.13
usa	ne	0.21	0.06	0.11	105.71	77.06	58.55	0.09
usa	ne	0.27	0.08	0.11	126.77	91.82	59.55	0.07
usa	ne	0.32	0.04	0.06	61	52.39	51.71	0.05
usa	ne	0.31	0.03	0.05	60.39	53.97	68.27	0.07
usa	ne	0.27	0.04	0.08	65.09	66.06	45.57	0.08
usa	ne	0.4	0.05	0.09	33.16	56.7	61.44	0.09
usa	ne	0.54	0.2	0.04	129.75	34.05	61.23	0.05
usa	ne	0.29	0.03	0.07	53.18	63.5	52.56	0.07
usa	ne	0.27	0.04	0.07	73.81	55.14	52.99	0.1
usa	ne	0.36	0.04	0.07	46.65	63.21	50.9	0.09
usa	ne	0.27	0.03	0.06	53.31	54.91	65.18	0.06
usa	ne	0.6	0.34	0.05	184.82	43.32	64.65	0.06
usa	ne	0.35	0.05	0.03	83	31.62	45.52	0.05
usa	ne	0.36	0.02	0.07	34.52	69.62	44.49	0.06
usa	ne	0.51	0.3	0.04	191.08	34.09	66.31	0.06
usa	ne	0.38	0.07	0.06	68.6	38.57	90.37	0.09
usa	ne	0.26	0.03	0.05	56.19	54.95	35.11	0.06
usa	ne	0.25	0.03	0.05	62.55	48.45	60.4	0.05
usa	ne	0.37	0.03	0.04	48	53.41	57.37	0.06
usa	ne	0.26	0.03	0.06	54.47	60.23	69.18	0.06
usa	ne	0.23	0.04	0.05	59.32	34.96	71.43	0.08
usa	ne	0.71	0.37	0.01	138.77	13.76	134.16	0.02
usa	ne	0.18	0.01	0.05	25	37.42	16.67	0.11
usa	ne	0.29	0.05	0.06	77.78	46.02	64.71	0.07
usa	ne	0.66	0.3	0.02	132.53	20.3	118.8	0.04
usa	ne	0.24	0.03	0.07	63.81	60.02	71.79	0.1
usa	ne	0.23	0.04	0.02	53.85	12.86	107.69	0.04
usa	ne	0.27	0.06	0.08	80.81	54.67	133.33	0.09
usa	ne	0.58	0.19	0.04	126.78	41.51	106.59	0.07
usa	ne	0.36	0.08	0.06	58.2	33.93	98.15	0.1
usa	ne	0.76	0.49	0.04	178.26	40.27	47.67	0.05
usa	ne	0.3	0.02	0.07	37.48	65.67	70.71	0.05
usa	ne	0.25	0.02	0.06	35.32	53.07	37.14	0.04
usa	ne	0.27	0	0.09	6.43	47.08	6.67	0.18
usa	ne	0.23	0.01	0.1	24.49	60.07	50.51	0.14
usa	ne	0.56	0.15	0.06	117.53	50.84	100.63	0.09
usa	ne	0.11	0	0.09	0	39.09	0	0.1
usa	ne	0.18	0.02	0.05	32.44	22.95	58.46	0.05
usa	ne	0.55	0.19	0.08	92.74	50.32	126.86	0.14
usa	ne	0.17	0.01	0.09	30.62	54.91	22.86	0.13
usa	ne	0.24	0.01	0.06	12.5	24	25	0.12
usa	ne	0.3	0.07	0.04	87.95	21.79	71.5	0.06
usa	ne	0.17	0.01	0.05	20	33.46	40	0.07
usa	ne	0.62	0.21	0.04	124.54	41.03	101.99	0.08
usa	ne	0.8	0.3	0.02	77.22	20	154.43	0.04
usa	ne	0.41	0.05	0.09	41.33	78.78	73.75	0.11
usa	ne	0.16	0.01	0.07	11.11	40.82	22.22	0.12
usa	ne	0.62	0.19	0.03	121.17	30.23	65.19	0.02
usa	ne	0.18	0.01	0.05	26.73	31.56	34.09	0.04
usa	ne	0.24	0.02	0.07	36.58	42.21	65.86	0.09
usa	ne	0.19	0.04	0.05	67.45	17.5	67.23	0.09
usa	ne	0.21	0.02	0.04	50.7	27.66	39.29	0.04
usa	ne	0.3	0.03	0.06	55.49	40.96	47.29	0.05
usa	ne	0.29	0.02	0.06	45.81	50.04	39.83	0.09
usa	ne	0.17	0.01	0.04	28.78	23.39	34.29	0.04
usa	ne	0.2	0	0.03	13.32	30.16	9.52	0.05
usa	ne	0.18	0.02	0.05	36.42	32.78	41.56	0.08
usa	ne	0.75	0.4	0.06	154.88	81.53	70.94	0.07
usa	ne	0.46	0.09	0.1	84.31	98.13	52.92	0.1
usa	ne	0.27	0.05	0.02	47.37	11.85	94.74	0.04
usa	ne	0.3	0.05	0.06	41.67	39.45	83.33	0.06
usa	ne	0.29	0.08	0.1	65.22	70.42	130.43	0.14
usa	ne	0.35	0.07	0.07	63.64	66.66	127.27	0.09
usa	ne	0.2	0.04	0.07	60	34.15	120	0.08
usa	ne	0.22	0.05	0.07	55.56	44.88	111.11	0.09
usa	ne	0.22	0.01	0.04	24.85	39.94	22.99	0.05
usa	ne	0.27	0.01	0.06	17.44	50.34	21.65	0.07
usa	ne	0.18	0.02	0.12	46.9	63.99	68.5	0.18
usa	ne	0.31	0.04	0.07	40	42	55.56	0.1
usa	ne	0.23	0.03	0.06	46.67	36.77	93.33	0.07
usa	ne	0.16	0.04	0.09	57.14	49.22	114.29	0.12
can	ne	0.34	0.04	0.08	44.8	54.32	57.65	0.1
can	ne	0.26	0.03	0.04	51.91	33.44	46.09	0.04
can	ne	0.91	3.24	0.05	169	42.76	94.42	0.09
can	ne	0.93	2.9	0.04	188.32	43.03	93.13	0.07
can	ne	0.93	2.86	0.03	184.22	36.9	69.5	0.02
can	ne	0.12	0.01	0.23	17.68	114.67	16.93	0.14
can	ne	0.88	2.41	0.08	231.66	70.38	64.16	0.1
can	ne	0.34	0.05	0.07	41.06	47.27	77.3	0.11
can	ne	0.85	2.31	0.06	229.9	59.47	72.12	0.07
can	ne	0.81	2.06	0.06	245.23	46.84	90.67	0.06
can	ne	0.45	0.09	0.06	79.79	56.02	65.22	0.06
can	ne	0.49	0.14	0.1	79.91	56.33	123.35	0.08
can	ne	0.89	2.13	0.05	258.05	50.84	67.32	0.07
can	ne	0.38	0.08	0.05	82.12	51.06	104.97	0.03
can	ne	0.23	0.02	0.09	43.15	59.27	68.33	0.08
can	ne	0.87	2.48	0.07	207.18	41.44	93.97	0.04
can	ne	0.26	0.07	0.06	66.15	40.39	86.42	0.07
can	ne	0.35	0.06	0.06	75.99	59.08	65.11	0.08
can	ne	0.22	0.03	0.2	56.93	132.8	58.4	0.13
can	ne	0.31	0.07	0.07	73.6	51.73	76.83	0.08
can	ne	0.36	0.07	0.15	67.1	111.5	70.75	0.12
can	ne	0.67	1.01	0.06	323.91	57.11	57.45	0.07
can	ne	0.82	1.65	0.07	276.61	63.96	63.05	0.07
can	ne	0.28	0.07	0.17	80.93	88.57	76.21	0.2
can	ne	0.24	0.06	0.12	75	77.96	53.33	0.1
can	ne	0.21	0.05	0.23	59.96	107.93	61.21	0.24
can	ne	0.66	1.05	0.32	262.35	164.43	77.65	0.23
can	ne	0.19	0.03	0.24	50.09	127.86	59.96	0.21
can	ne	0.32	0.08	0.12	86.08	80.7	61.65	0.12
can	ne	0.92	2.46	0.04	221.75	44.2	91.37	0.07
can	ne	0.91	2.47	0.05	229.41	51.41	98.95	0.05
can	ne	0.23	0.03	0.16	50.31	94.01	57.08	0.14
can	ne	0.89	2.16	0.06	217.45	60.09	87.63	0.06
can	ne	0.45	0.08	0.04	62.91	26.67	58.63	0.04
can	ne	0.25	0.05	0.11	77.1	72.32	63.3	0.1
can	ne	0.36	0.07	0.07	69.03	40.04	69.01	0.07
can	ne	0.38	0.07	0.06	82.53	57.96	69.57	0.09
can	ne	0.39	0.08	0.04	79.52	36.05	74.51	0.06
can	ne	0.27	0.05	0.09	66.1	66.67	83.57	0.11
can	ne	0.2	0.04	0.38	63.83	203.23	40.21	0.2
can	ne	0.4	0.09	0.09	77.73	69.22	61.27	0.08
can	ne	0.21	0.05	0.28	69.27	159.7	64.41	0.21
can	ne	0.29	0.09	0.24	87.88	143.97	68.52	0.16
can	ne	0.29	0.1	0.18	140.3	129.23	54.86	0.12
can	ne	0.26	0.09	0.22	92.83	133.41	82.74	0.21
can	ne	0.18	0.04	0.34	62.51	172.53	78.13	0.22
can	ne	0.34	0.09	0.12	81.53	63.78	79.18	0.16
can	ne	0.26	0.09	0.3	96.67	143.85	84.1	0.24
can	ne	0.52	0.42	0.11	249.24	80.57	76.54	0.1
can	ne	0.31	0.05	0.23	59.54	156.6	81.02	0.14
can	ne	0.25	0.09	0.28	103.8	163.25	73.24	0.19
can	ne	0.24	0.08	0.31	115.04	160.15	54.94	0.21
can	ne	0.39	0.11	0.18	92.84	125.29	111.73	0.15
can	ne	0.46	0.11	0.12	88.71	102.98	74.03	0.09
can	ne	0.27	0.1	0.19	93.81	114.58	82.27	0.12
can	ne	0.27	0.04	0.12	52.28	82.51	63.28	0.08
can	ne	0.41	0.07	0.09	60.98	70.81	76.19	0.08
can	ne	0.23	0.05	0.34	60.84	183.75	69.54	0.23
can	ne	0.4	0.06	0.06	67.07	56.51	69.88	0.07
can	ne	0.21	0.05	0.19	72.64	110.09	76.95	0.15
can	ne	0.65	0.58	0.08	236.88	73.58	70.16	0.07
can	ne	0.4	0.03	0.09	16.78	60.22	20.2	0.12
can	ne	0.38	0.07	0.09	47.43	68.2	60.95	0.09
can	ne	0.33	0.06	0.07	46.66	45.92	71.02	0.1
can	ne	0.39	0.08	0.08	61.7	57.15	106.04	0.06
can	ne	0.37	0.08	0.08	64.55	56.65	111.03	0.09
can	ne	0.76	1.25	0.06	241.45	49.26	96.65	0.09
can	ne	0.73	1.17	0.06	250.79	48.74	84.23	0.08
can	ne	0.27	0.06	0.06	89.91	47.71	63.75	0.08
can	ne	0.67	0.91	0.06	251.49	44.85	87.93	0.06
can	ne	0.24	0.08	0.16	56.47	63.26	85.53	0.22
can	ne	0.24	0.05	0.14	60.68	78.89	84.5	0.13
can	ne	0.25	0.06	0.13	69.66	80.51	118.73	0.1
can	ne	0.22	0.05	0.14	73.82	85.19	107.05	0.11
can	ne	0.22	0.04	0.13	69.97	93.22	71.9	0.1
can	ne	0.14	0.03	0.53	55.2	131.86	67.33	0.36
can	ne	0.32	0.03	0.03	41.42	23.57	41.92	0.04
can	ne	0.29	0.05	0.05	70.9	35.34	78	0.05
can	ne	0.89	2.97	0.03	301.17	22.3	63.22	0.02
can	ne	0.84	1.75	0.03	285.78	24.31	61.78	0.03
can	ne	0.28	0.04	0.09	65.33	67.97	68.99	0.07
can	ne	0.24	0.04	0.19	68.27	120.76	70.14	0.13
can	ne	0.3	0.04	0.12	52.29	90.69	57.91	0.12
can	ne	0.31	0.04	0.05	59.99	39.14	48.31	0.06
can	ne	0.22	0.1	0.22	132.64	122.75	54.87	0.16
can	ne	0.2	0.08	0.28	119.23	155.37	56.22	0.19
can	ne	0.23	0.08	0.25	119.59	173.31	59.4	0.14
can	ne	0.14	0.04	0.26	70.58	117.45	52.16	0.18
can	ne	0.21	0.08	0.23	105.93	115.43	64.41	0.19
can	ne	0.25	0.08	0.16	107.66	109.51	75.5	0.11
can	ne	0.36	0.03	0.05	43.79	45.83	51.99	0.05
can	ne	0.33	0.08	0.05	108.98	47.04	72.59	0.07
can	ne	0.33	0.05	0.05	57.3	41.02	57.34	0.06
can	ne	0.4	0.05	0.07	33.22	38.25	58.91	0.06
can	ne	0.76	1.22	0.06	232.62	39.07	84.57	0.07
can	ne	0.37	0.09	0.07	94.34	51.82	85.53	0.07
can	ne	0.35	0.05	0.09	51.87	53.43	71.93	0.1
can	ne	0.32	0.05	0.07	53.8	49.09	72.72	0.09
can	ne	0.24	0.04	0.07	68.95	46.28	63.2	0.07
can	ne	0.85	1.76	0.05	225.17	42.08	88.95	0.05
can	ne	0.39	0.05	0.05	57.32	43.72	88.77	0.07
can	ne	0.38	0.05	0.06	53.38	51.57	100.77	0.07
can	ne	0.41	0.06	0.11	46.06	65.75	66.13	0.12
can	ne	0.35	0.05	0.08	52.98	52.39	49.91	0.14
can	ne	0.21	0.03	0.07	49.88	47.41	51.92	0.09
can	ne	0.24	0.04	0.06	64.64	42.58	66.86	0.06
can	ne	0.15	0.03	0.6	49.49	193.46	83.34	0.33
can	ne	0.26	0.04	0.08	57.32	61.64	75.11	0.09
can	ne	0.26	0.04	0.05	53.6	33.25	102.5	0.08
can	ne	0.39	0.09	0.02	93.74	13.48	105.19	0.02
can	ne	0.22	0.02	0.06	39.63	38.9	69.05	0.1
can	ne	0.37	0.06	0.05	71.44	50.4	93.42	0.08
can	ne	0.4	0.08	0.05	84.98	35.95	91	0.09
can	ne	0.35	0.05	0.05	62.89	44.91	54.25	0.08
can	ne	0.42	0.08	0.03	55.56	23.25	111.11	0.04
can	ne	0.33	0.06	0.07	65.42	48.71	111.67	0.08
can	ne	0.69	0.35	0.03	144.96	28.46	73.61	0.05
can	ne	0.19	0.01	0.05	21.76	35.57	25	0.05
can	ne	0.72	0.4	0.04	170.12	39.13	72.17	0.05
can	ne	0.36	0.03	0.08	38.03	70.61	81.95	0.06
can	ne	0.27	0.03	0.05	50.6	42.64	35.71	0.03
can	ne	0.24	0.03	0.1	49.5	47.13	90.48	0.2
can	ne	0.3	0.03	0.08	45.51	52.28	75.87	0.14
can	ne	0.67	0.33	0.09	146.75	64.37	99.54	0.12
can	ne	0.09	0.01	0.07	25	27.22	50	0.09
can	ne	0.25	0.01	0.05	17.68	26.67	35.29	0.07
can	ne	0.75	0.59	0.08	119.92	47.25	140.78	0.11
can	ne	0.25	0.03	0.06	41.42	35.13	54.38	0.07
can	ne	0.3	0.01	0.06	4	20.69	8	0.12
can	ne	0.41	0.08	0.03	76.93	17	87.41	0.03
can	ne	0.23	0.03	0.04	41.18	21.49	82.35	0.05
can	ne	0.76	0.53	0.04	151.64	32.14	98.12	0.07
can	ne	0.87	0.83	0.04	82.18	31.03	164.36	0.09
can	ne	0.38	0.06	0.07	54.36	45.85	83.93	0.09
can	ne	0.08	0	0.08	0	37.52	0	0.17
can	ne	0.78	0.73	0.06	156.99	42.48	99.94	0.08
can	ne	0.15	0.01	0.07	26.73	36.57	42.42	0.09
can	ne	0.25	0.03	0.07	45.78	37.77	88.42	0.15
can	ne	0.17	0.03	0.02	47.14	5.79	42.86	0.02
can	ne	0.25	0.03	0.03	64.79	21.4	46.67	0.03
can	ne	0.26	0.04	0.11	58.08	58.7	75.22	0.08
can	ne	0.23	0.02	0.06	37.65	30.45	52.22	0.08
can	ne	0.17	0.01	0.07	22.01	35.43	34.97	0.07
can	ne	0.2	0.01	0.05	31.14	29.79	50.74	0.03
can	ne	0.2	0	0.07	8.84	43.18	9.09	0.07
can	ne	0.82	0.88	0.04	179.59	48.55	86.94	0.06
can	ne	0.43	0.26	0.12	155.51	66.35	58.67	0.16
can	ne	0.4	0.04	0.06	33.33	43.45	66.67	0.11
can	ne	0.35	0.06	0.08	31.43	48.14	62.86	0.12
can	ne	0.32	0.01	0.08	8.33	60.08	16.67	0.09
can	ne	0.24	0	0.05	4.76	29.95	9.52	0.06
can	ne	0.29	0.03	0.05	21.74	28.18	43.48	0.07
can	ne	0.26	0.04	0.04	33.33	26.15	66.67	0.09
can	ne	0.22	0.02	0.09	31.94	53.95	37.41	0.12
can	ne	0.26	0.02	0.03	31.62	26.49	45.13	0.04
can	ne	0.29	0.07	0.07	66.71	34.9	73.33	0.1
can	ne	0.26	0.04	0.07	56.24	44.1	55.7	0.14
can	ne	0.33	0.04	0.06	40	44.84	80	0.11
can	ne	0.27	0	0.1	0	55.48	0	0.15
usa	ne	0.25	0.01	0.06	35.29	65.83	34.14	0.05
usa	ne	0.21	0.02	0.03	37.24	33.06	11.94	0.04
usa	ne	0.93	3.32	0.04	169.95	46.89	82.47	0.06
usa	ne	0.95	2.76	0.03	192	47.14	76.8	0.05
usa	ne	0.93	2.92	0.04	190.54	53.99	78.1	0.04
usa	ne	0.19	0.01	0.02	24.74	17.32	33.33	0.03
usa	ne	0.87	2.43	0.1	233.93	78.07	73.23	0.12
usa	ne	0.34	0.05	0.08	44.16	50.84	82.47	0.14
usa	ne	0.84	2.28	0.08	231.32	65.68	77.15	0.1
usa	ne	0.85	1.91	0.04	249.32	42.79	66.54	0.06
usa	ne	0.4	0.07	0.05	69.93	51.85	58.6	0.06
usa	ne	0.19	0.04	0.39	47.79	100.94	74.93	0.34
usa	ne	0.84	2.2	0.19	266.56	130.23	64.93	0.12
usa	ne	0.3	0.07	0.06	109.09	76.97	37.5	0.06
usa	ne	0.27	0.33	0.77	105.9	108.48	145.44	0.56
usa	ne	0.89	2.55	0.07	210.35	45.83	91.79	0.08
usa	ne	0.26	0.09	0.1	87.46	67.83	74.6	0.06
usa	ne	0.55	0.59	0.13	273.75	101.02	61.51	0.1
usa	ne	0.31	0.08	0.15	100.3	118.92	62.6	0.11
usa	ne	0.38	0.09	0.04	101.83	45.64	60.21	0.06
usa	ne	0.28	0.03	0.14	41.18	125.22	41.81	0.11
usa	ne	0.33	0.03	0.05	64.88	63.5	36.15	0.04
usa	ne	0.84	1.6	0.04	296.94	43.43	79.99	0.04
usa	ne	0.31	0.03	0.07	56.59	59	58.6	0.06
usa	ne	0.31	0.06	0.07	75.51	57.72	70.47	0.07
usa	ne	0.25	0.05	0.11	79.11	88.45	58.75	0.08
usa	ne	0.78	1.3	0.08	285.63	67.41	47.79	0.07
usa	ne	0.21	0.03	0.11	44.88	72.83	54.28	0.11
usa	ne	0.38	0.06	0.06	79.87	61.54	60.13	0.04
usa	ne	0.91	2.42	0.03	228.02	34.64	106.26	0.05
usa	ne	0.9	2.51	0.05	232.84	44.56	73.45	0.03
usa	ne	0.29	0.07	0.12	83.65	76.82	88.54	0.1
usa	ne	0.83	1.37	0.06	226.68	56.34	56.86	0.05
usa	ne	0.4	0.06	0.03	60.97	25.07	53.49	0.04
usa	ne	0.43	0.07	0.03	89.26	44.34	63.9	0.03
usa	ne	0.36	0.05	0.09	56.14	63.53	59.81	0.08
usa	ne	0.34	0.06	0.05	94.97	48.48	55.23	0.06
usa	ne	0.29	0.05	0.06	67.38	49.36	59.95	0.05
usa	ne	0.27	0.03	0.07	56.57	66.42	59.46	0.07
usa	ne	0.19	0.03	0.18	54.52	136.62	38.57	0.11
usa	ne	0.43	0.11	0.06	93.96	54.39	61.6	0.05
usa	ne	0.23	0.05	0.21	90.67	169.92	51.55	0.15
usa	ne	0.26	0.07	0.27	92.68	195.44	48	0.16
usa	ne	0.28	0.08	0.21	130.87	167.84	48.21	0.11
usa	ne	0.29	0.06	0.17	77.35	145.85	71.83	0.13
usa	ne	0.2	0.03	0.29	55.2	209.6	49.56	0.15
usa	ne	0.58	0.58	0.14	283.63	105.6	67.92	0.14
usa	ne	0.35	0.13	0.27	104.51	160.23	107.25	0.21
usa	ne	0.51	0.4	0.13	238.66	88.98	58.46	0.12
usa	ne	0.3	0.05	0.2	67.81	146.69	59.89	0.14
usa	ne	0.3	0.06	0.09	90.66	85.07	47.06	0.08
usa	ne	0.28	0.07	0.2	111.3	149.03	52.53	0.15
usa	ne	0.46	0.18	0.14	138.81	118.28	101.12	0.11
usa	ne	0.39	0.15	0.09	139.5	77.88	75.21	0.08
usa	ne	0.29	0.13	0.24	107.96	142.84	82.12	0.18
usa	ne	0.26	0.03	0.07	50.19	63.02	53.16	0.09
usa	ne	0.76	1.01	0.05	253.91	52.85	109.42	0.05
usa	ne	0.24	0.06	0.22	79.8	124.08	54.42	0.21
usa	ne	0.37	0.04	0.06	63.35	66.09	77.34	0.06
usa	ne	0.24	0.05	0.15	72.47	94.36	87.62	0.12
usa	ne	0.66	0.93	0.12	292.59	95.42	93.7	0.08
usa	ne	0.36	0.02	0.08	13.16	63.28	13.33	0.05
usa	ne	0.34	0.05	0.08	47.43	69.7	73.8	0.05
usa	ne	0.28	0.04	0.08	52.94	77.95	88.52	0.04
usa	ne	0.36	0.05	0.09	52.46	81.97	90.36	0.05
usa	ne	0.36	0.06	0.09	63.99	87.98	102.34	0.07
usa	ne	0.83	1.56	0.05	256.69	48.77	73.57	0.06
usa	ne	0.76	1.18	0.05	266.14	49.54	64.95	0.07
usa	ne	0.75	1.2	0.05	268.13	49.38	71.84	0.07
usa	ne	0.68	0.81	0.05	264.78	45.75	77.32	0.06
usa	ne	0.43	0.05	0.06	28.39	41.75	59.43	0.09
usa	ne	0.4	0.07	0.07	58.12	58.39	100.55	0.07
usa	ne	0.42	0.1	0.08	82.33	72.06	124.55	0.06
usa	ne	0.39	0.06	0.06	79.49	70.86	112.08	0.06
usa	ne	0.34	0.07	0.08	104.83	89.92	61.15	0.05
usa	ne	0.27	0.02	0.06	44.03	47.7	51.05	0.08
usa	ne	0.25	0.02	0.05	43.75	42.91	48.15	0.03
usa	ne	0.25	0.03	0.07	50.33	56.23	57.46	0.07
usa	ne	0.89	2.76	0.04	293.78	39.65	76.42	0.04
usa	ne	0.87	2.93	0.12	302.19	88.93	45.62	0.06
usa	ne	0.27	0.05	0.12	86.31	84.68	57.5	0.09
usa	ne	0.3	0.02	0.03	46.6	36.32	25.46	0.03
usa	ne	0.28	0.03	0.04	59.9	45.72	43.4	0.05
usa	ne	0.27	0.03	0.06	62.56	69.93	37.37	0.06
usa	ne	0.24	0.1	0.27	113.78	145.74	68.99	0.18
usa	ne	0.2	0.01	0.11	31.05	120.12	16.7	0.09
usa	ne	0.19	0.05	0.31	75.04	153.5	67.97	0.24
usa	ne	0.17	0.05	0.25	89.77	134.53	52.88	0.22
usa	ne	0.19	0.04	0.16	81.8	112.37	52.79	0.12
usa	ne	0.24	0.05	0.17	89.77	131.38	53.17	0.1
usa	ne	0.32	0.04	0.07	54.99	62.65	54.57	0.04
usa	ne	0.28	0.04	0.07	70.55	60.24	69.9	0.08
usa	ne	0.33	0.05	0.05	74.51	52.95	53.6	0.07
usa	ne	0.25	0.07	0.15	60.3	64.15	63.21	0.13
usa	ne	0.79	1.26	0.05	247.24	42.64	105.77	0.07
usa	ne	0.24	0.02	0.12	55.18	116.51	32.2	0.1
usa	ne	0.36	0.08	0.06	79.17	34.91	59.2	0.06
usa	ne	0.3	0.03	0.14	42.82	100.23	48.18	0.1
usa	ne	0.25	0.03	0.08	50.51	70.34	56.19	0.07
usa	ne	0.88	1.94	0.05	231.34	44.37	55.22	0.06
usa	ne	0.32	0.04	0.06	66.33	59.84	60.65	0.07
usa	ne	0.37	0.04	0.07	57.9	68.17	79.8	0.06
usa	ne	0.69	0.83	0.09	240.19	66.73	58.36	0.11
usa	ne	0.3	0.05	0.08	60.94	44.18	78.86	0.11
usa	ne	0.25	0.02	0.05	50.85	51.87	24.33	0.05
usa	ne	0.26	0.04	0.06	66.71	50.79	50.78	0.06
usa	ne	0.32	0.04	0.14	47.28	115.28	43.77	0.1
usa	ne	0.3	0.04	0.05	70.35	53.9	41.24	0.06
usa	ne	0.16	0.03	0.25	52.1	99.23	46.67	0.23
usa	ne	0.77	0.55	0.02	148.6	17.01	135.52	0.02
usa	ne	0.25	0.02	0.06	43.38	44.78	34.75	0.06
usa	ne	0.22	0.06	0.16	80.81	82.63	66.67	0.15
usa	ne	0.81	0.67	0.05	151.27	53.16	127.9	0.11
usa	ne	0.35	0.04	0.05	58.03	50.84	46.06	0.06
usa	ne	0.14	0.01	0.11	20	54.52	40	0.12
usa	ne	0.36	0.08	0.07	86.54	56.25	140.58	0.07
usa	ne	0.8	0.61	0.04	172.07	41.54	103.63	0.06
usa	ne	0.18	0.01	0.09	26.73	56.34	42.42	0.1
usa	ne	0.81	0.67	0.04	180.99	50.51	59.64	0.07
usa	ne	0.28	0.04	0.11	58.08	81.96	110.3	0.11
usa	ne	0.25	0.01	0.05	24.3	45.88	19.19	0.03
usa	ne	0.22	0.02	0.1	44.02	52.9	75	0.22
usa	ne	0.22	0.02	0.09	37.59	50.43	71.11	0.14
usa	ne	0.73	0.52	0.07	184.1	57.59	90.37	0.11
usa	ne	0.15	0.01	0.07	16.67	30.64	33.33	0.08
usa	ne	0.19	0.03	0.04	54.55	24.53	96.7	0.05
usa	ne	0.84	0.76	0.05	118.55	41.94	146.73	0.1
usa	ne	0.21	0.01	0.07	24.49	49.35	38.89	0.09
usa	ne	0.25	0.02	0.01	25	6.38	50	0.03
usa	ne	0.3	0.07	0.04	93.74	25.81	67.53	0.04
usa	ne	0.15	0.01	0.03	25	21.52	50	0.04
usa	ne	0.82	0.7	0.03	149.69	31.23	113.58	0.06
usa	ne	0.91	0.99	0.01	93.4	9.09	186.79	0.02
usa	ne	0.38	0.06	0.1	53.14	66.24	71.45	0.1
usa	ne	0.18	0	0.06	9.09	34.63	18.18	0.12
usa	ne	0.84	0.75	0.03	159.7	36.16	97.78	0.03
usa	ne	0.16	0	0.08	0	51.5	0	0.07
usa	ne	0.22	0.02	0.07	52.37	40.77	52.38	0.1
usa	ne	0.16	0.02	0.03	43.51	12.29	40	0.04
usa	ne	0.21	0.02	0.06	46.17	42.5	39.39	0.04
usa	ne	0.28	0.03	0.04	54.07	34.08	59.22	0.03
usa	ne	0.23	0.02	0.08	37.59	49.46	27.35	0.11
usa	ne	0.13	0	0.04	0	25.1	0	0.03
usa	ne	0.18	0.01	0.06	24.74	42.97	33.33	0.06
usa	ne	0.18	0.02	0.06	43.51	40.52	40	0.06
usa	ne	0.8	0.68	0.04	172.29	54.03	75.73	0.06
usa	ne	0.65	0.46	0.08	163.11	63.62	77.32	0.12
usa	ne	0.22	0.03	0.06	46.67	31.75	93.33	0.07
usa	ne	0.43	0.03	0.04	16.67	30.62	33.33	0.04
usa	ne	0.3	0.06	0.07	52.38	54.7	104.76	0.09
usa	ne	0.27	0.03	0.05	17.24	24.74	34.48	0.04
usa	ne	0.22	0.03	0.05	46.67	28.33	93.33	0.06
usa	ne	0.21	0.04	0.08	31.03	29.53	62.07	0.13
usa	ne	0.26	0.03	0.03	52.22	32.9	52.56	0.04
usa	ne	0.25	0.02	0.05	37.27	45.88	36.11	0.08
usa	ne	0.24	0.02	0.05	42.43	40.99	39.83	0.11
usa	ne	0.3	0.07	0.06	65.94	31.83	50.79	0.08
usa	ne	0.25	0.02	0.04	28.57	26.73	57.14	0.06
usa	ne	0.34	0.03	0.08	24.14	56.66	48.28	0.13
can	ne	0.27	0.03	0.04	46.93	35	55.69	0.05
can	ne	0.23	0.02	0.03	42.75	35.89	36.12	0.04
can	ne	0.93	3.11	0.03	169.43	32.01	82.68	0.04
can	ne	0.94	2.7	0.04	190.48	51.43	80.41	0.07
can	ne	0.92	2.67	0.02	190.05	26.82	129.54	0.02
can	ne	0.21	0.02	0.04	36.85	35.98	70	0.04
can	ne	0.91	2.47	0.04	232.3	47.37	80.28	0.07
can	ne	0.31	0.04	0.06	52.54	48.38	77.18	0.11
can	ne	0.85	2.23	0.04	229.83	41.5	83.87	0.04
can	ne	0.83	2	0.07	249.52	66.42	58.25	0.06
can	ne	0.42	0.08	0.06	93.47	64.93	77.26	0.05
can	ne	0.41	0.06	0.1	53.84	65.1	92.56	0.08
can	ne	0.86	2.17	0.14	264.35	121.93	68.48	0.08
can	ne	0.26	0.03	0.05	67.06	64.31	55	0.06
can	ne	0.26	0.02	0.05	46.4	46.86	51.37	0.04
can	ne	0.92	2.59	0.03	215.79	28.91	92.99	0.03
can	ne	0.36	0.06	0.03	56.82	33.69	100.53	0.03
can	ne	0.67	0.79	0.03	307.98	37.22	49.79	0.03
can	ne	0.21	0.03	0.13	63.77	99.86	42.35	0.09
can	ne	0.37	0.09	0.12	92.14	104.73	70.17	0.1
can	ne	0.29	0.03	0.11	50.12	104.44	54.37	0.09
can	ne	0.71	1.12	0.1	352.64	109.16	36.09	0.07
can	ne	0.85	1.6	0.04	287.45	55.96	100.33	0.05
can	ne	0.36	0.03	0.04	53.72	44.51	62.3	0.04
can	ne	0.31	0.06	0.04	86.92	46.79	63.5	0.05
can	ne	0.29	0.05	0.07	62.79	61.23	43.74	0.06
can	ne	0.81	1.55	0.05	284.29	42.25	69.85	0.04
can	ne	0.24	0.03	0.08	65.07	69.29	60.19	0.08
can	ne	0.34	0.06	0.05	79.76	49.34	53.39	0.05
can	ne	0.92	2.4	0.03	229	36.92	105.1	0.05
can	ne	0.9	2.04	0.04	231.09	46.99	59.09	0.03
can	ne	0.31	0.06	0.08	74.22	63.18	61.37	0.07
can	ne	0.79	0.64	0.03	203.69	45.7	64.36	0.03
can	ne	0.42	0.06	0.05	64.81	40.59	65.67	0.03
can	ne	0.31	0.04	0.06	59.14	51.13	60.23	0.05
can	ne	0.33	0.04	0.06	56.7	45.65	54.68	0.07
can	ne	0.34	0.05	0.05	81.52	53.28	51.2	0.06
can	ne	0.22	0.02	0.07	47.05	60.46	33.87	0.06
can	ne	0.29	0.05	0.07	82.72	66.94	63.97	0.09
can	ne	0.23	0.02	0.11	52.37	103.53	33.47	0.08
can	ne	0.26	0.05	0.12	73.07	89.05	47.58	0.08
can	ne	0.28	0.04	0.1	56.62	103.15	73.28	0.1
can	ne	0.27	0.05	0.1	72.87	80.48	50.4	0.08
can	ne	0.27	0.04	0.1	83.35	100.82	47.97	0.07
can	ne	0.27	0.05	0.14	79.27	130.64	60.8	0.11
can	ne	0.24	0.03	0.16	53.48	132.8	66.65	0.11
can	ne	0.53	0.46	0.15	263.63	114.4	75.26	0.13
can	ne	0.35	0.09	0.18	85.21	131.05	94.57	0.14
can	ne	0.51	0.31	0.1	244.88	87.01	64.48	0.09
can	ne	0.33	0.03	0.12	53.26	117.19	69.39	0.08
can	ne	0.27	0.06	0.14	100.65	122.31	59	0.09
can	ne	0.22	0.03	0.14	64.75	101.5	45.36	0.12
can	ne	0.39	0.1	0.1	105.19	83.36	97.72	0.08
can	ne	0.39	0.06	0.12	69.92	125.18	57.39	0.08
can	ne	0.2	0.06	0.15	91.41	105.68	51.09	0.08
can	ne	0.23	0.04	0.11	74.64	86.88	51.08	0.1
can	ne	0.79	1.17	0.04	288	49.65	77.45	0.04
can	ne	0.27	0.03	0.14	57.21	115.82	64.58	0.12
can	ne	0.4	0.11	0.08	117.41	75.21	78.06	0.07
can	ne	0.25	0.05	0.1	73.07	84.47	82.46	0.07
can	ne	0.7	0.69	0.08	266.49	84.39	68.19	0.06
can	ne	0.37	0.02	0.08	14.89	73.67	33.33	0.05
can	ne	0.36	0.04	0.06	42.52	58.55	60.31	0.04
can	ne	0.34	0.05	0.07	56.14	67.08	99.47	0.06
can	ne	0.39	0.04	0.05	50.15	53.67	78.21	0.04
can	ne	0.35	0.04	0.06	53.27	73.9	64.55	0.06
can	ne	0.83	1.5	0.04	258.5	40.57	64.95	0.05
can	ne	0.78	1.25	0.04	270.46	42.9	67.94	0.06
can	ne	0.8	1.38	0.04	271.27	41.79	70.09	0.05
can	ne	0.75	1.12	0.04	276.6	35.66	71.16	0.04
can	ne	0.44	0.01	0.06	6.43	52.79	6.67	0.07
can	ne	0.38	0.04	0.07	41.79	63.65	48.27	0.07
can	ne	0.35	0.05	0.06	53.34	57.16	92.5	0.05
can	ne	0.36	0.06	0.06	65.77	54.72	129.74	0.05
can	ne	0.32	0.04	0.05	55.43	56.71	80.57	0.05
can	ne	0.27	0.02	0.04	49.25	30.81	52.53	0.06
can	ne	0.27	0.03	0.03	53.97	27.5	40.53	0.03
can	ne	0.3	0.04	0.05	65.96	44.99	60.38	0.04
can	ne	0.91	3.07	0.02	305.83	25.66	26.44	0.03
can	ne	0.88	2.75	0.11	303.64	93.28	38.04	0.06
can	ne	0.3	0.03	0.02	71.41	24.88	49.82	0.03
can	ne	0.27	0.03	0.08	53.77	70.24	51.69	0.05
can	ne	0.29	0.02	0.04	47.51	44.93	27.89	0.04
can	ne	0.31	0.02	0.03	46.27	42.1	26.67	0.03
can	ne	0.2	0.04	0.14	87.93	108.3	36.86	0.1
can	ne	0.24	0.03	0.08	58.64	76.69	48.48	0.08
can	ne	0.22	0.02	0.13	48.89	128.03	33.28	0.08
can	ne	0.23	0.04	0.12	72.65	95.16	48.96	0.1
can	ne	0.22	0.04	0.08	70.41	66.56	47.99	0.09
can	ne	0.23	0.02	0.12	50.13	109.15	46.64	0.08
can	ne	0.34	0.05	0.05	73.5	52.07	64.29	0.04
can	ne	0.34	0.02	0.04	37.85	51.86	51.06	0.05
can	ne	0.32	0.03	0.05	60.3	53.01	66.05	0.06
can	ne	0.37	0.04	0.05	37.2	40.17	64.35	0.05
can	ne	0.72	1.06	0.11	254.56	75.48	78.08	0.11
can	ne	0.36	0.03	0.04	54.76	50.7	71.39	0.04
can	ne	0.27	0.02	0.07	47.42	64.78	32.94	0.09
can	ne	0.31	0.04	0.06	62.37	61.12	38.09	0.08
can	ne	0.33	0.04	0.03	66.42	38.52	59.04	0.03
can	ne	0.88	1.87	0.06	229.42	58.31	80.81	0.05
can	ne	0.23	0.01	0.04	36.33	43	31.02	0.05
can	ne	0.31	0.03	0.06	55.71	60.86	51.49	0.05
can	ne	0.76	0.94	0.05	257.69	53.83	82.81	0.07
can	ne	0.38	0.05	0.04	59.01	33.11	83.33	0.05
can	ne	0.27	0.03	0.04	64.95	43.95	37.38	0.05
can	ne	0.25	0.02	0.05	57.41	48.73	37.43	0.04
can	ne	0.35	0.03	0.03	50.34	39.91	37.07	0.05
can	ne	0.27	0.02	0.06	47.85	58.82	57.69	0.04
can	ne	0.36	0.05	0.03	55.18	28.47	61.47	0.05
can	ne	0.47	0.06	0.02	65.24	22.94	127.78	0.03
can	ne	0.23	0.02	0.04	40.43	32.76	52.53	0.05
can	ne	0.34	0.06	0.03	80.81	27.92	66.67	0.06
can	ne	0.77	0.53	0.03	154.67	30	72.09	0.06
can	ne	0.33	0.04	0.04	68.72	43	71.3	0.05
can	ne	0.3	0.01	0	14.29	4.42	28.57	0
can	ne	0.36	0.06	0.08	59.33	61.6	100.77	0.09
can	ne	0.77	0.6	0.03	175.2	27.31	81.73	0.04
can	ne	0.26	0.02	0.03	31.87	27.84	73.33	0.05
can	ne	0.82	0.68	0.03	183.87	34.46	48.31	0.03
can	ne	0.35	0.03	0.06	36.92	53.59	79.2	0.07
can	ne	0.29	0.04	0.05	70.43	46.19	44.29	0.04
can	ne	0.22	0.02	0.08	43.51	54.24	40	0.17
can	ne	0.29	0.02	0.07	37.42	56.21	54.38	0.09
can	ne	0.76	0.47	0.07	176.78	66.03	102.21	0.09
can	ne	0.12	0.01	0.04	25	20.9	50	0.05
can	ne	0.23	0.03	0.03	49.07	21.6	87.18	0.04
can	ne	0.83	0.77	0.07	123.54	51.41	159.07	0.11
can	ne	0.27	0.03	0.03	46.63	23.15	48.41	0.05
can	ne	0.31	0	0.01	0	5	0	0.02
can	ne	0.38	0.05	0.03	61.46	23.12	79.61	0.02
can	ne	0.19	0.02	0.03	40	22.5	80	0.04
can	ne	0.79	0.58	0.04	146.94	41.03	133.06	0.07
can	ne	0.91	0.98	0.04	92.49	36.36	184.98	0.08
can	ne	0.33	0.02	0.06	30.62	46.31	38.87	0.05
can	ne	0.18	0.01	0.04	11.11	30.82	22.22	0.08
can	ne	0.85	0.75	0.04	162.03	44.41	64.44	0.04
can	ne	0.21	0.01	0.05	28.78	36.44	53.33	0.03
can	ne	0.29	0.03	0.04	54.5	33.97	69.23	0.09
can	ne	0.21	0.03	0.05	56.57	25.78	50	0.06
can	ne	0.24	0.03	0.03	63.64	24.07	53.85	0.03
can	ne	0.37	0.04	0.02	67.33	20.69	67.08	0.02
can	ne	0.21	0.02	0.04	43.3	28.91	26.67	0.07
can	ne	0.18	0.01	0.02	20.41	17.5	36.11	0.04
can	ne	0.21	0.02	0.05	36.85	39.34	60	0.05
can	ne	0.21	0.01	0.05	26.73	35.72	34.09	0.05
can	ne	0.78	0.53	0.05	164.32	63.36	73.94	0.04
can	ne	0.84	0.84	0.04	177.84	54.65	74.72	0.04
can	ne	0.08	0.04	0.9	40	114.5	80	0.97
can	ne	0.39	0.04	0.01	25.93	4.76	51.85	0
can	ne	0.35	0.01	0.06	13.04	57.34	26.09	0.08
can	ne	0.32	0.03	0.05	20	31.19	40	0.09
can	ne	0.26	0.05	0.03	55.56	15.14	111.11	0.03
can	ne	0.26	0.04	0.04	36.36	23.92	72.73	0.06
can	ne	0.26	0.02	0.04	41.66	43.52	61.2	0.05
can	ne	0.26	0.03	0.05	52.22	51.21	80.34	0.07
can	ne	0.31	0.05	0.06	64.68	51.09	61.32	0.12
can	ne	0.28	0.03	0.06	55.28	49.29	52.91	0.12
can	ne	0.3	0.03	0.03	33.33	21.57	66.67	0.04
can	ne	0.36	0.04	0.03	28.57	23.66	57.14	0.03
usa	ne	0.3	0.03	0.06	58.16	62.16	55.48	0.04
usa	ne	0.21	0.02	0.07	41.57	65.53	43.03	0.06
usa	ne	0.87	3.29	0.2	169.34	108.05	92.81	0.17
usa	ne	0.94	2.99	0.03	190.47	37.02	88.9	0.06
usa	ne	0.92	2.98	0.04	191.03	40.73	87.76	0.05
usa	ne	0.3	0.02	0.02	35.25	23.8	56.45	0.03
usa	ne	0.87	2.64	0.16	234.46	112.87	68.96	0.12
usa	ne	0.28	0.09	0.19	72.67	78.17	79.04	0.21
usa	ne	0.81	1.68	0.05	221.31	43.86	87.88	0.08
usa	ne	0.85	1.79	0.03	242.57	32.63	87.24	0.04
usa	ne	0.42	0.09	0.06	82.62	55.63	45.4	0.05
usa	ne	0.35	0.04	0.12	40.72	66.46	82.69	0.1
usa	ne	0.89	1.93	0.04	264.49	48.11	48.57	0.03
usa	ne	0.3	0.08	0.06	112.28	60.54	53.17	0.06
usa	ne	0.22	0.02	0.08	33.33	55.59	54.17	0.08
usa	ne	0.91	2.41	0.04	212.19	32.35	97.72	0.03
usa	ne	0.36	0.07	0.05	69.73	58.41	98.94	0.04
usa	ne	0.69	0.84	0.04	301.44	45.15	42.82	0.04
usa	ne	0.26	0.05	0.25	73.5	182.02	52.57	0.13
usa	ne	0.28	0.08	0.15	104.41	111.17	70.71	0.11
usa	ne	0.27	0.04	0.19	55.8	140.27	63.03	0.13
usa	ne	0.69	0.71	0.04	309.95	47.15	64.37	0.05
usa	ne	0.84	1.52	0.03	286.75	39.98	86.97	0.04
usa	ne	0.33	0.06	0.07	81.84	53.01	68.77	0.06
usa	ne	0.29	0.08	0.14	96.33	109.62	71.8	0.1
usa	ne	0.31	0.06	0.06	78.99	52.89	68.11	0.06
usa	ne	0.81	1.38	0.05	278.42	51.12	65.51	0.04
usa	ne	0.1	0.05	1.05	66.43	261.49	56.87	0.38
usa	ne	0.28	0.04	0.09	71.69	80.57	37.9	0.05
usa	ne	0.91	2.43	0.05	228.8	42.36	93.46	0.06
usa	ne	0.9	2.44	0.04	231.42	43.17	61.38	0.03
usa	ne	0.35	0.11	0.09	110.96	64.18	83.23	0.06
usa	ne	0.83	1.16	0.05	217.35	52.1	73.44	0.03
usa	ne	0.39	0.05	0.04	52.68	29.13	50.04	0.04
usa	ne	0.37	0.06	0.06	76.76	58.63	53.45	0.04
usa	ne	0.43	0.07	0.08	71.3	56.78	65.17	0.09
usa	ne	0.23	0.04	0.33	59.3	204.48	66.81	0.13
usa	ne	0.23	0.03	0.06	55.68	49.85	64.75	0.06
usa	ne	0.27	0.04	0.08	64.64	66.11	68.11	0.11
usa	ne	0.23	0.03	0.15	59.67	120.9	40.48	0.1
usa	ne	0.31	0.08	0.09	96.36	70.47	81.91	0.11
usa	ne	0.3	0.05	0.11	72.69	109.95	78.61	0.1
usa	ne	0.31	0.07	0.15	85.07	116.77	58.39	0.12
usa	ne	0.3	0.07	0.14	113.83	123.38	63.48	0.08
usa	ne	0.28	0.09	0.2	100.9	146.32	77.6	0.12
usa	ne	0.26	0.04	0.16	72.43	136.95	49.95	0.1
usa	ne	0.54	0.27	0.05	204.88	51.96	70.2	0.06
usa	ne	0.34	0.1	0.23	88.61	146.35	98.4	0.17
usa	ne	0.43	0.07	0.05	82.99	49.66	54.15	0.06
usa	ne	0.33	0.05	0.12	64.33	95.71	81.55	0.08
usa	ne	0.3	0.08	0.13	98.72	106.9	73.04	0.13
usa	ne	0.35	0.08	0.12	119.51	107.38	64.6	0.08
usa	ne	0.4	0.1	0.12	98.56	103.3	101.52	0.1
usa	ne	0.41	0.08	0.13	84.52	118.88	65.88	0.09
usa	ne	0.29	0.08	0.13	95.64	104.49	78.63	0.09
usa	ne	0.26	0.05	0.09	78.73	78.3	46.39	0.09
usa	ne	0.67	1.16	0.18	281.08	125.91	78.1	0.09
usa	ne	0.27	0.05	0.14	82.13	116.32	59.04	0.12
usa	ne	0.52	0.08	0.04	91	66.02	78.85	0.04
usa	ne	0.19	0.04	0.2	63.41	117.24	70.27	0.15
usa	ne	0.72	0.74	0.05	262.99	54.21	86.71	0.04
usa	ne	0.33	0.03	0.09	27.22	75.14	53.33	0.05
usa	ne	0.36	0.06	0.09	47.91	74.8	73.97	0.05
usa	ne	0.35	0.06	0.09	63.33	81.27	109.73	0.05
usa	ne	0.35	0.05	0.08	57.56	75.29	97.26	0.07
usa	ne	0.36	0.05	0.08	61.77	81.5	90.91	0.06
usa	ne	0.79	1.28	0.05	254.17	45.56	67.2	0.06
usa	ne	0.79	1.27	0.04	268.26	44.33	73.7	0.06
usa	ne	0.79	1.35	0.05	265.95	53.83	87.18	0.06
usa	ne	0.77	1.18	0.05	273.95	51.36	62.57	0.06
usa	ne	0.39	0.05	0.1	37.06	70.47	72.1	0.11
usa	ne	0.37	0.06	0.08	53.4	66.31	93.55	0.09
usa	ne	0.38	0.08	0.07	74.25	70.26	114.28	0.07
usa	ne	0.37	0.07	0.09	78.82	89.62	108.99	0.07
usa	ne	0.35	0.05	0.07	77.01	84.96	85.31	0.05
usa	ne	0.23	0.02	0.06	49.25	41.08	46.81	0.08
usa	ne	0.27	0.02	0.05	47.61	39.16	59.32	0.03
usa	ne	0.29	0.04	0.05	63.7	39.97	78.51	0.04
usa	ne	0.89	2.73	0.03	293.85	27.15	73.48	0.03
usa	ne	0.91	3.16	0.03	302.05	28.71	57.82	0.03
usa	ne	0.31	0.04	0.03	69.86	31.5	61.62	0.03
usa	ne	0.33	0.05	0.04	89.47	36.73	48.32	0.03
usa	ne	0.3	0.03	0.09	55.68	79.75	36.16	0.08
usa	ne	0.32	0.03	0.04	47.21	47.82	32	0.04
usa	ne	0.27	0.08	0.16	95.95	110.64	58.7	0.12
usa	ne	0.28	0.08	0.16	95.95	117.95	67.8	0.12
usa	ne	0.31	0.11	0.12	148.93	105.37	74.98	0.08
usa	ne	0.25	0.12	0.3	129.21	157.7	65.06	0.17
usa	ne	0.26	0.1	0.21	118.54	127.32	66.42	0.16
usa	ne	0.32	0.11	0.13	127.64	110.13	75.52	0.09
usa	ne	0.43	0.04	0.05	48.98	53.93	74.28	0.04
usa	ne	0.32	0.03	0.05	49.63	52.62	53.82	0.07
usa	ne	0.32	0.06	0.07	72.71	56.1	75.03	0.08
usa	ne	0.39	0.05	0.1	46.36	79.51	75.73	0.07
usa	ne	0.77	1.13	0.06	244.06	49.05	100.57	0.08
usa	ne	0.35	0.05	0.07	63.65	57.94	79.9	0.08
usa	ne	0.3	0.04	0.06	58.18	43.57	57.44	0.08
usa	ne	0.38	0.04	0.06	41.03	56	42.48	0.08
usa	ne	0.33	0.05	0.09	68.49	77.09	65.83	0.06
usa	ne	0.85	1.52	0.05	227.29	46.21	59.85	0.07
usa	ne	0.31	0.05	0.04	81.65	38.58	51.62	0.05
usa	ne	0.37	0.04	0.08	55.61	80.54	70.34	0.06
usa	ne	0.73	0.79	0.05	227.1	44.77	62.28	0.07
usa	ne	0.38	0.05	0.05	60.28	38.73	60.67	0.08
usa	ne	0.25	0.04	0.07	69.31	63.52	39.94	0.08
usa	ne	0.26	0.03	0.06	54.9	59.53	69.33	0.06
usa	ne	0.39	0.03	0.02	47.14	28.75	36.57	0.03
usa	ne	0.31	0.04	0.07	60.14	71.05	73.33	0.07
usa	ne	0.24	0.03	0.06	49.5	39.24	90.48	0.08
usa	ne	0.81	0.55	0.01	141.35	15.99	146.81	0.01
usa	ne	0.14	0	0.08	13.32	49.04	19.05	0.12
usa	ne	0.28	0.05	0.05	74.43	38.64	62.5	0.09
usa	ne	0.75	0.57	0.05	152.98	39.31	117.1	0.1
usa	ne	0.26	0.04	0.09	68.63	71.8	73.33	0.09
usa	ne	0.22	0.04	0.11	52.94	53.47	105.88	0.13
usa	ne	0.3	0.06	0.13	70.86	80.16	120.16	0.13
usa	ne	0.73	0.44	0.03	169.28	26.92	81.25	0.04
usa	ne	0.22	0.02	0.1	36	62.97	49.57	0.09
usa	ne	0.8	0.62	0.03	182.35	33.38	48.14	0.05
usa	ne	0.37	0.05	0.1	62.27	86.12	118.95	0.1
usa	ne	0.29	0.03	0.03	54.87	31.2	70.48	0.02
usa	ne	0.18	0.03	0.12	56.57	52.12	50	0.25
usa	ne	0.29	0.03	0.07	47.16	48.71	66.38	0.1
usa	ne	0.58	0.25	0.07	149.14	45.94	85.01	0.09
usa	ne	0.1	0.01	0.09	33.33	32.45	66.67	0.1
usa	ne	0.17	0.04	0.04	59.32	19.79	103.81	0.06
usa	ne	0.76	0.52	0.06	105.21	37.78	162.88	0.1
usa	ne	0.32	0.03	0.04	44.72	32.17	65.08	0.08
usa	ne	0.24	0	0.07	4.76	19.4	9.52	0.13
usa	ne	0.35	0.09	0.05	83.75	23.83	89.95	0.07
usa	ne	0.21	0.03	0.03	50	19.55	100	0.03
usa	ne	0.78	0.58	0.04	143.16	37.38	100.96	0.07
usa	ne	0.91	0.77	0.01	84.62	5.26	169.23	0.01
usa	ne	0.32	0.07	0.1	63.87	61.28	108.44	0.08
usa	ne	0.24	0.02	0.06	25	34.41	50	0.1
usa	ne	0.8	0.66	0.02	156.83	22.22	108.61	0.02
usa	ne	0.17	0.02	0.05	43.51	32.67	80	0.05
usa	ne	0.25	0.03	0.06	55.28	35.49	91.43	0.1
usa	ne	0.19	0.03	0.06	54.55	23.25	68.13	0.07
usa	ne	0.22	0.02	0.02	53.01	18.61	64.29	0.02
usa	ne	0.34	0.04	0.03	60.09	26.01	70.71	0.03
usa	ne	0.22	0.02	0.07	43.38	37.64	45.24	0.11
usa	ne	0.15	0.02	0.07	43.51	39.26	80	0.07
usa	ne	0.21	0.01	0.04	19.51	33.66	24.07	0.05
usa	ne	0.21	0.02	0.05	38.53	34.81	68.53	0.06
usa	ne	0.75	0.5	0.04	163.01	41.73	72.63	0.04
usa	ne	0.55	0.12	0.04	97.61	49.32	57.5	0.05
usa	ne	0.34	0.07	0.04	53.85	24.01	107.69	0.08
usa	ne	0.36	0.08	0.02	53.33	16.34	106.67	0.03
usa	ne	0.28	0.06	0.12	52.38	86.11	104.76	0.11
usa	ne	0.31	0.04	0.09	33.33	65.22	66.67	0.09
usa	ne	0.24	0.07	0.08	61.9	37.11	123.81	0.1
usa	ne	0.22	0.06	0.06	60	34.36	120	0.08
usa	ne	0.25	0.02	0.06	33.4	54.07	32.22	0.09
usa	ne	0.25	0.02	0.05	33.4	43.98	32.22	0.06
usa	ne	0.23	0.04	0.13	58.08	76.28	53.33	0.18
usa	ne	0.28	0.05	0.08	65.4	51.38	57.78	0.13
usa	ne	0.36	0.04	0.05	42.86	44.08	85.71	0.12
usa	ne	0.34	0.05	0.02	45.45	20.76	90.91	0.03
can	ne	0.3	0.03	0.05	49.56	40.29	63.59	0.04
can	ne	0.25	0.03	0.05	54.11	40.68	28.48	0.06
can	ne	0.92	3.26	0.04	166.44	38.58	136.54	0.07
can	ne	0.94	3.1	0.03	189.92	40.2	91.83	0.06
can	ne	0.92	2.99	0.04	189.55	40.31	102.54	0.04
can	ne	0.19	0.01	0.04	15.79	27.22	32.73	0.02
can	ne	0.9	2.58	0.05	229.37	47.33	79.35	0.09
can	ne	0.37	0.05	0.08	40.03	52.81	77.3	0.14
can	ne	0.83	2.08	0.05	225.09	44.06	86.09	0.06
can	ne	0.82	1.92	0.07	241.72	55.83	89.9	0.07
can	ne	0.43	0.07	0.07	64.21	68.8	63.43	0.07
can	ne	0.43	0.07	0.13	52.77	69.5	87.91	0.09
can	ne	0.9	2.24	0.04	261.01	46.08	66.3	0.04
can	ne	0.28	0.08	0.08	94.87	65.54	72.17	0.07
can	ne	0.21	0.02	0.08	41.95	48.39	43.81	0.06
can	ne	0.9	2.77	0.05	210.04	36.62	103.77	0.07
can	ne	0.36	0.08	0.08	59.04	65.61	95.05	0.05
can	ne	0.54	0.71	0.2	283.64	127.52	71.78	0.14
can	ne	0.27	0.03	0.2	44.6	131.16	56.3	0.13
can	ne	0.31	0.09	0.16	86.3	106.49	72.64	0.12
can	ne	0.33	0.06	0.2	58.95	140.33	67.77	0.14
can	ne	0.66	0.96	0.1	324.09	85.38	63.27	0.08
can	ne	0.78	1.2	0.04	266.94	41.22	96.71	0.04
can	ne	0.38	0.07	0.06	72.16	47.69	58.74	0.06
can	ne	0.28	0.06	0.08	67.13	58.97	54.18	0.08
can	ne	0.33	0.06	0.08	62.21	61.93	51.91	0.08
can	ne	0.78	1.38	0.05	254.07	39.26	72.65	0.05
can	ne	0.25	0.03	0.12	42.26	87.11	27.86	0.11
can	ne	0.34	0.07	0.07	65.58	50.57	74.22	0.05
can	ne	0.9	2.35	0.04	216.12	36.62	86.76	0.05
can	ne	0.89	2.19	0.05	225.6	43.38	71.85	0.04
can	ne	0.25	0.05	0.12	67.13	71.35	76.55	0.09
can	ne	0.89	2.07	0.04	226.23	38.68	74.37	0.03
can	ne	0.38	0.04	0.04	38.5	26.4	46.94	0.03
can	ne	0.38	0.07	0.1	75.12	84.7	79.15	0.08
can	ne	0.34	0.05	0.1	59.47	55.94	63.73	0.1
can	ne	0.29	0.05	0.06	69.53	51.69	68.55	0.08
can	ne	0.26	0.04	0.05	64.65	39.36	68.01	0.05
can	ne	0.29	0.04	0.1	51.98	73.49	80.26	0.13
can	ne	0.21	0.04	0.23	64.17	134.46	47.11	0.14
can	ne	0.48	0.12	0.05	84.77	45.71	55.51	0.05
can	ne	0.26	0.06	0.15	77.67	97.25	70.93	0.12
can	ne	0.31	0.09	0.19	76.83	107.38	83.03	0.17
can	ne	0.31	0.11	0.12	148.6	99.98	57.75	0.08
can	ne	0.34	0.13	0.18	105.81	132.27	81.23	0.15
can	ne	0.27	0.08	0.21	89.23	126.48	74.52	0.14
can	ne	0.56	0.48	0.09	223.6	62.36	76.28	0.1
can	ne	0.38	0.14	0.24	93.55	125.81	99.48	0.2
can	ne	0.57	0.46	0.09	224.29	64.1	67.87	0.1
can	ne	0.33	0.04	0.18	48.11	128.55	73.09	0.11
can	ne	0.27	0.07	0.16	86	101.75	58.28	0.12
can	ne	0.32	0.1	0.16	103.66	94.79	58.7	0.13
can	ne	0.41	0.13	0.13	102.93	90.41	112.97	0.1
can	ne	0.46	0.1	0.13	76.93	114.47	70.73	0.09
can	ne	0.31	0.09	0.16	72.07	101.22	62.54	0.1
can	ne	0.24	0.04	0.14	57.18	88.65	47.66	0.09
can	ne	0.74	1.14	0.06	264.1	56.04	92.47	0.07
can	ne	0.29	0.05	0.17	58.07	108.21	77.22	0.12
can	ne	0.5	0.13	0.06	105.91	64.22	80.83	0.04
can	ne	0.31	0.1	0.09	97.2	56.87	87.4	0.08
can	ne	0.72	1.04	0.14	283.66	121.47	94.37	0.09
can	ne	0.34	0.04	0.12	24.94	81.63	41.03	0.08
can	ne	0.34	0.07	0.12	52.03	77.09	77.25	0.09
can	ne	0.35	0.07	0.1	64.36	72.1	108.95	0.06
can	ne	0.35	0.07	0.1	59.77	66.92	94.49	0.05
can	ne	0.35	0.05	0.08	51.29	65.85	73.75	0.07
can	ne	0.78	1.44	0.05	253.62	36.91	73.69	0.06
can	ne	0.76	1.36	0.05	263.37	43.2	97.76	0.08
can	ne	0.73	1.19	0.06	253.93	44.77	79.74	0.08
can	ne	0.64	0.93	0.06	258.42	42.53	85.69	0.07
can	ne	0.37	0	0.11	2.72	63.15	5.71	0.13
can	ne	0.34	0.06	0.11	46.01	59.4	58.12	0.13
can	ne	0.32	0.07	0.1	57.34	64.9	100.64	0.09
can	ne	0.3	0.06	0.1	63.59	66.21	119.28	0.09
can	ne	0.33	0.07	0.08	76.2	66.81	103.52	0.06
can	ne	0.25	0.04	0.08	62.94	42	75.25	0.1
can	ne	0.24	0.05	0.09	63.65	47.16	56.87	0.07
can	ne	0.36	0.06	0.05	59.94	31.42	66.67	0.06
can	ne	0.9	3.19	0.04	298.22	35.6	63.76	0.05
can	ne	0.91	3.29	0.03	302	28.91	50.28	0.03
can	ne	0.28	0.05	0.09	75.97	62.26	74.24	0.07
can	ne	0.34	0.04	0.04	62.68	39.89	46.1	0.04
can	ne	0.31	0.04	0.05	56.96	45.89	50.9	0.04
can	ne	0.34	0.03	0.05	51.12	52.85	46.38	0.06
can	ne	0.25	0.07	0.15	91.65	104.32	70.69	0.12
can	ne	0.23	0.06	0.17	77.21	105.71	73.72	0.12
can	ne	0.26	0.05	0.12	75.52	88.68	70.24	0.08
can	ne	0.22	0.07	0.16	86.73	85.01	67.99	0.12
can	ne	0.23	0.07	0.19	87.91	99.57	65.53	0.15
can	ne	0.26	0.09	0.17	104.11	104.64	80.62	0.13
can	ne	0.42	0.04	0.06	35.88	46.87	48.95	0.06
can	ne	0.33	0.04	0.04	59.74	39.25	76.29	0.06
can	ne	0.35	0.06	0.07	60.86	56.67	101.47	0.08
can	ne	0.3	0.09	0.15	73.36	70.67	65.03	0.15
can	ne	0.79	1.1	0.06	227.51	50.82	85.26	0.09
can	ne	0.37	0.08	0.07	89.22	64.86	69.84	0.06
can	ne	0.39	0.05	0.07	53.14	51.49	63.98	0.09
can	ne	0.45	0.05	0.08	34.71	62.71	37.79	0.1
can	ne	0.27	0.07	0.1	79.24	59.16	61.96	0.07
can	ne	0.85	1.84	0.06	223.65	49.15	93.99	0.06
can	ne	0.35	0.06	0.06	73.59	44.15	57.13	0.07
can	ne	0.38	0.04	0.07	43.22	63.2	60.39	0.07
can	ne	0.77	1.1	0.06	232.61	49.67	59.07	0.08
can	ne	0.38	0.05	0.05	54.04	40.52	56.94	0.09
can	ne	0.23	0.03	0.05	62.45	43.48	30	0.07
can	ne	0.24	0.03	0.06	53.93	48.93	57.19	0.05
can	ne	0.4	0.06	0.06	60.2	48.86	69.73	0.06
can	ne	0.26	0.03	0.05	54.12	46.21	75.14	0.05
can	ne	0.31	0.05	0.09	49.67	50.43	55.52	0.11
can	ne	0.71	0.57	0.02	143.23	13.26	152.72	0.02
can	ne	0.24	0.03	0.1	35.67	53.32	54.97	0.12
can	ne	0.25	0.07	0.1	88.39	54.02	71.43	0.19
can	ne	0.72	0.56	0.06	151.53	41.63	83.72	0.12
can	ne	0.28	0.06	0.08	69.03	51.06	74.79	0.1
can	ne	0.19	0.03	0.12	41.18	48.55	82.35	0.13
can	ne	0.37	0.1	0.09	74.05	54.46	123.75	0.08
can	ne	0.68	0.51	0.03	162.46	23.17	114.46	0.04
can	ne	0.2	0.01	0.13	20.2	63.52	20	0.17
can	ne	0.74	0.51	0.04	172.83	38.92	73.7	0.06
can	ne	0.36	0.04	0.07	36.06	50.96	75	0.06
can	ne	0.25	0.03	0.07	52.85	47.43	36.57	0.06
can	ne	0.17	0.04	0.15	66.55	51.25	57.14	0.29
can	ne	0.28	0.02	0.06	34.31	34.23	70.59	0.1
can	ne	0.59	0.29	0.07	143.6	39.9	115.35	0.12
can	ne	0.11	0.02	0.12	27.27	40.9	54.55	0.15
can	ne	0.24	0.03	0.04	33.12	19.17	45.52	0.06
can	ne	0.54	0.11	0.08	58.13	47.25	119.23	0.11
can	ne	0.29	0.03	0.05	41.18	30.45	80.83	0.05
can	ne	0.27	0.02	0.1	20	31.34	40	0.21
can	ne	0.35	0.08	0.06	69.5	25.51	71.9	0.11
can	ne	0.24	0.03	0.05	29.41	28.33	58.82	0.06
can	ne	0.78	0.58	0.04	136.66	33.85	100.04	0.07
can	ne	0.91	0.83	0	82.18	4.76	164.36	0.01
can	ne	0.27	0.05	0.1	62.73	56.71	108.42	0.08
can	ne	0.15	0.01	0.11	16.67	49.93	33.33	0.17
can	ne	0.79	0.7	0.04	156.54	32.84	79.46	0.05
can	ne	0.2	0.02	0.07	36.26	43.13	47.62	0.09
can	ne	0.25	0.03	0.09	34.64	41.6	22.22	0.13
can	ne	0.21	0.04	0.04	48.02	13.46	105.45	0.05
can	ne	0.22	0.04	0.06	67.57	35.04	46.25	0.06
can	ne	0.32	0.05	0.09	66.93	51.11	79.82	0.05
can	ne	0.23	0.02	0.08	37.65	41.38	57.94	0.1
can	ne	0.15	0.01	0.05	20.41	26.03	36.11	0.03
can	ne	0.17	0.01	0.06	19.51	35.68	33.6	0.07
can	ne	0.2	0.01	0.06	16.64	32.45	16.67	0.06
can	ne	0.75	0.57	0.06	163.27	63.96	74.87	0.07
can	ne	0.77	0.8	0.05	162.53	38.19	81.18	0.05
can	ne	0.3	0.06	0.07	40.74	34.99	81.48	0.09
can	ne	0.29	0.05	0.08	25	33.98	50	0.12
can	ne	0.31	0.02	0.1	15.38	65.27	30.77	0.11
can	ne	0.25	0.01	0.06	5.88	23.16	11.76	0.08
can	ne	0.22	0.07	0.03	56.52	10.75	113.04	0.05
can	ne	0.23	0.05	0.04	35.48	15.43	70.97	0.04
can	ne	0.27	0.03	0.06	49.25	52.11	34.86	0.08
can	ne	0.22	0.03	0.14	40.54	72.46	47.34	0.21
can	ne	0.31	0.04	0.07	45.93	47.85	63.22	0.13
can	ne	0.33	0.07	0.05	65.24	27.86	70.63	0.07
can	ne	0.35	0.04	0.06	33.33	43.97	66.67	0.12
can	ne	0.29	0.02	0.05	11.76	24.97	23.53	0.05
